1
262
237 202
7 236
59 262
55 224
171 105
48 89
54 111
236 43
181 234
50 70
203 236
153 215
229 158
133 174
47 143
61 243
177 5
45 201
129 239
120 184
249 150
140 3
146 36
25 229
4 200
100 219
93 210
164 54
251 134
44 34
262 213
239 127
187 192
26 63
104 54
218 44
137 168
13 181
103 213
192 47
221 178
167 162
141 203
112 175
258 117
174 239
69 94
220 47
81 110
22 227
147 11
76 97
82 196
53 182
157 15
46 22
158 184
210 41
83 193
193 118
254 38
255 243
195 132
144 104
160 185
179 79
124 43
30 90
211 256
49 19
97 27
235 213
161 214
261 50
16 254
36 66
95 177
209 124
96 125
116 229
37 65
73 9
180 82
247 209
244 149
162 110
123 61
199 56
152 188
231 257
34 228
217 50
42 82
99 49
92 134
110 231
252 16
105 250
109 31
106 151
224 21
246 182
170 69
176 93
165 208
89 24
9 34
223 137
238 12
94 55
204 242
250 3
2 98
111 239
66 9
62 14
208 204
243 208
87 110
3 27
200 245
75 171
190 231
242 250
175 221
102 145
206 31
233 200
256 177
101 78
136 105
43 258
58 7
12 193
10 97
35 228
115 171
142 239
186 2
128 249
215 117
184 82
240 100
41 76
131 82
172 139
85 169
125 46
194 230
64 184
117 63
8 138
29 79
150 228
205 46
67 10
143 29
178 202
253 20
15 121
11 188
24 63
121 13
134 86
232 234
1 168
198 161
21 29
234 172
145 226
71 98
245 186
74 257
91 138
90 258
196 105
79 250
163 222
189 91
230 2
77 44
28 19
222 207
98 55
156 169
31 89
18 59
88 69
197 61
183 65
113 121
202 231
63 157
56 81
118 237
17 257
135 157
39 36
65 40
151 166
207 141
33 100
139 61
219 75
212 66
159 141
51 46
60 211
20 155
241 227
132 11
149 162
166 81
169 142
126 47
114 10
214 185
78 126
27 196
14 39
70 262
228 78
168 157
148 85
213 194
32 40
84 194
226 100
127 126
185 132
130 72
182 43
191 62
68 194
260 42
138 199
173 6
216 170
6 226
248 105
119 114
108 232
227 124
38 11
72 24
188 116
23 170
52 97
5 55
155 253
80 122
257 185
86 259
122 110
154 207
19 188
57 225
225 240
40 7
201 74
107 262
259 105

