3 -9 3 -4 -8 5
7 -6 18 -11 -6 3
3 -3 16 -12 -7 0
8 -19 19 -2 -2 17
15 -4 5 -2 -12 -2
1 0 12 -4 -8 -16
6 -10 11 -19 -1 -10
9 0 3 -19 -7 6
1 -4 8 -15 -9 -12
20 -17 9 -8 0 13
13 -14 4 -2 0 -13
16 -18 20 -10 -2 -2
16 -9 8 -9 0 -13
13 -7 5 -18 -14 -10
9 -3 19 0 -14 -10
9 -11 1 -20 -3 -18
19 -3 5 -20 0 -9
8 -10 0 -14 -11 -18
17 -9 1 -15 -3 -9
18 -13 17 -10 -4 -1
1 -17 16 -17 -19 18
16 -15 19 -16 -16 6
17 -7 16 -14 -2 16
17 -18 11 -16 -18 -9
4 -3 17 -10 -11 9
5 -14 6 -18 -6 12
17 -5 16 -20 -2 17
11 -2 14 -9 -15 19
17 -8 16 -5 -6 -7
6 -14 12 -17 -12 17
13 -7 4 -19 -8 -6
7 -4 13 -3 -17 -20
17 -13 7 -7 -16 -9
8 -3 3 -10 -5 8
9 -11 0 -5 -2 17
17 -19 3 -18 -16 -17
10 -5 15 -11 -6 -2
8 -19 12 -2 -3 -5
16 -7 16 0 -7 -6
2 -19 1 -2 -7 -18
9 -9 5 -17 -15 -11
11 -19 11 -4 -19 14
12 -11 19 -17 -1 -8
2 -1 7 -19 -15 18
15 -18 5 -9 -17 18
19 -6 17 -3 -20 -13
17 -11 12 -17 -14 1
10 -6 13 -12 -9 13
9 -17 13 -7 -9 0
9 -10 3 -15 -9 17
15 -15 2 -16 -17 2
7 -8 18 -7 -19 15
9 -7 0 -12 -10 -6
15 -13 2 -2 -4 -8
4 -18 11 -7 -14 -19
12 -10 2 -19 -10 -10
11 -15 7 -16 -4 10
13 -11 0 -9 -1 -15
4 -9 6 -13 -17 0
1 -18 4 -17 -19 16
1 -20 1 -2 -14 -14
13 -4 9 -12 -11 -5
4 -9 6 -10 -15 17
12 -8 15 -15 -5 7
10 -8 11 -15 -8 -14
8 -1 16 -1 -3 -13
7 -7 11 -6 -18 1
15 -3 20 -16 -2 3
17 -15 3 -18 -1 -18
10 -2 10 -6 -3 10
4 -19 20 -1 -12 14
11 -1 17 -17 -19 0
2 -7 6 -12 -13 -8
18 -3 16 0 -15 -12
7 -3 17 -2 -10 16
2 -5 8 -10 -4 -20
9 -16 4 -19 -9 -11
6 -11 20 -11 -7 -4
16 -16 19 -12 -11 -13
11 -11 6 -19 -13 -13
1 -12 3 -18 -4 3
12 0 13 -6 -14 16
16 -6 5 -9 -20 19
9 -16 0 0 -19 -2
1 -1 16 -15 -13 -18
5 -6 12 -17 -1 17
13 -12 3 -7 -20 16
6 -4 14 -1 -20 -14
6 -7 4 -1 -6 2
16 -9 11 -15 -12 -1
17 -17 17 -17 -20 -1
0 -2 18 -10 -4 -8
4 -20 5 -4 -12 14
12 -4 18 -4 -9 20
6 -20 16 -2 -16 -3
3 -2 1 -18 -3 -12
6 -16 10 -12 -7 -18
14 -7 3 -14 -16 0
17 0 13 -14 -6 16
4 -14 0 -3 -9 7
11 -18 16 -13 -14 5
9 -3 7 -17 -11 -20
19 -2 8 -14 -6 -18
20 -10 12 -2 -12 6
17 -8 10 -3 -14 1
6 -18 15 -12 0 9
10 -9 0 -3 -2 4
10 -6 18 -17 -19 -17
3 -11 5 -20 0 -12
19 -6 7 -19 -10 -13
15 -1 9 -13 -15 -13
20 0 7 -8 -9 -10
6 -13 8 -19 -15 2
10 -14 1 0 -14 18
11 0 18 -20 -12 11
9 -5 5 -20 -5 0
15 -12 17 -18 -18 9
16 -16 15 -3 -12 -18
18 -8 7 -3 -3 16
10 -5 1 -7 -12 2
7 -2 10 -17 -11 8
1 0 13 -3 -9 17
6 -18 12 -9 -10 9
7 -9 15 -20 -15 3
9 -20 11 -1 -18 -6
12 -10 14 -14 0 0
17 0 11 -13 -20 10
12 -1 5 -3 -5 -10
9 -4 10 -1 -17 10
0 -13 18 -19 0 14
5 0 16 -6 -10 -9
12 -8 20 -14 0 0
14 -8 4 -16 0 -1
20 -8 7 -9 -20 -17
4 -16 2 0 -17 15
2 -15 17 -19 -13 7
7 -8 9 -9 -3 -14
4 -2 16 -9 -15 -15
0 -12 5 -1 -20 -4
20 -8 10 -20 -16 -16
10 -10 15 -9 -9 -4
19 -3 17 0 -5 -14
17 0 20 0 -8 13
6 -4 20 -4 -10 19
2 -1 7 -14 -15 0
13 -15 5 -12 -17 -12
17 -15 14 -15 -18 -1
6 -11 12 -18 -19 -19
18 -10 0 0 -8 -16
14 0 10 -5 -19 18
8 -16 19 -6 -17 -5
9 -1 10 -12 -13 -15
13 -19 6 0 -5 20
6 -3 6 -15 -14 -10
11 -13 16 -15 -10 2
20 -4 17 -10 -5 2
1 -13 5 -20 -5 11
11 -19 15 -6 -7 3
3 -3 14 -6 -10 0
12 -1 8 -3 -5 -2
8 -2 12 -4 -5 -12
0 -16 14 -9 -19 -19
11 -8 6 0 -5 -7
16 -17 10 -13 0 16
8 -13 18 -8 -8 -13
6 -4 12 -1 -7 9
7 0 5 -17 -12 12
1 -12 6 -18 -19 18
16 -18 13 -8 -6 -3
17 -12 2 -17 -16 1
14 -3 16 0 -16 -15
1 -15 13 -7 -16 -12
17 -3 4 -18 -20 -4
17 -20 0 -4 0 -19
19 -13 7 -1 -12 -2
15 -4 14 -17 -1 -6
5 -12 19 -4 -20 0
4 -14 8 -3 -19 -12
13 -20 6 -9 -5 -7
10 -7 16 -9 -11 9
3 -2 13 -18 -9 -7
13 -17 9 -14 -8 -13
8 -4 1 -18 -11 9
8 -4 10 -14 -2 8
15 -18 3 -14 -18 -8
10 0 10 -12 -18 -10
12 -11 4 -17 -6 -13
8 -4 20 -18 -2 0
5 0 14 -8 -9 9
10 -1 10 -16 -16 -20
16 -19 4 -15 -17 -15
3 -19 0 -7 -16 -15
12 -7 15 -15 -14 0
4 -11 12 -19 -20 8
10 -20 1 -14 -4 4
4 -12 1 -4 -18 4
15 -12 14 -4 -3 -13
11 -9 3 -3 -1 17
11 -6 13 -19 -17 5
10 -11 5 -15 -6 -14
17 -5 12 -10 -10 -16
16 0 6 -2 -16 0
14 -3 20 -10 -2 -11
4 -12 16 -1 -5 -20
18 -13 11 -14 -12 
