12 -18 5 -12 -5 0
2 -11 5 -5 -19 14
8 -20 17 -10 -13 16
18 -14 16 -7 -2 17
11 -19 2 -13 -10 1
6 -17 18 -17 -10 -5
2 -10 11 -3 -15 -2
8 -6 5 -10 -4 -10
3 -8 12 -14 -16 -16
2 -16 9 -18 -8 -7
13 -18 12 -5 -8 -9
10 -1 13 -4 -11 4
17 -17 8 -12 -4 -20
15 -20 1 -11 -14 4
18 -14 12 -6 -7 -5
5 0 17 -14 -19 0
14 -12 6 -17 -19 18
19 -7 14 -16 -19 12
20 -2 10 -13 -10 -9
6 -20 18 -2 -4 -18
18 -12 4 -1 -3 20
13 -11 12 -12 -1 5
2 -1 20 -12 -6 15
3 -18 12 -20 -9 19
19 -19 6 -11 -13 0
19 -4 14 -18 -20 14
16 -8 4 -2 -16 -19
12 -11 2 -2 -18 0
11 -1 11 -9 -7 0
8 -14 11 -18 -3 -14
15 -20 4 -5 -6 -4
3 0 0 -15 -1 -1
7 -13 11 -3 -11 -16
14 -12 3 -17 -6 14
5 -5 19 -6 -18 1
6 -20 12 -9 -10 -12
0 -20 16 -14 0 -18
12 -14 13 -8 0 14
11 -3 13 -15 0 -7
17 -2 0 -15 -7 -2
16 -18 5 -14 -8 5
11 -7 9 -20 -8 -17
0 -10 17 -12 -11 -17
9 -15 9 -7 -11 0
20 -17 5 -19 -20 -2
1 -2 18 -11 -13 7
17 -5 10 -8 -16 12
11 -15 6 -3 -15 19
7 -12 14 -13 -13 11
19 -12 7 -10 -20 0
19 -10 8 -6 -3 9
6 -14 13 -11 -14 10
12 -4 7 -11 -20 -20
20 -3 3 -9 -9 6
10 -2 13 -13 -3 5
2 -15 16 -17 -5 1
10 -4 11 -4 -17 -12
12 0 4 -9 -9 -6
2 -14 14 -16 -20 -9
1 -10 18 -6 -10 6
4 -6 18 -14 -19 -12
4 -14 7 -13 -6 4
7 0 10 -18 -10 -3
7 -14 14 -14 -19 20
0 -5 16 -4 -2 13
16 -14 13 -10 -9 -14
3 -18 12 -2 -18 -19
2 -18 15 0 -16 1
8 -1 9 -20 -4 -4
6 -9 13 -1 -8 -1
14 -6 3 -14 -10 -6
11 -12 17 -8 -18 -19
4 -18 4 -13 -20 -8
19 -4 1 -13 -13 9
2 -10 10 -10 -16 -8
14 -3 17 -19 -2 0
15 -13 7 -6 -4 -19
13 -2 13 -18 -10 -4
3 -17 13 -12 -8 -16
8 -17 6 -4 -1 18
15 -7 11 -4 -8 1
14 -16 7 -12 -5 -16
10 -15 10 -20 -20 2
14 -8 6 -2 -15 -19
11 -9 4 -12 0 -6
12 -4 8 -20 -1 8
9 -20 13 -3 -17 3
5 -7 2 -7 -14 -18
20 -12 1 -10 -20 19
9 -4 7 -11 -1 0
18 0 6 -9 -16 -17
0 -20 3 -13 -6 0
2 -14 9 -16 -3 8
7 -4 4 -14 -7 6
14 -20 1 -3 -2 -19
19 -5 12 -18 -16 -10
13 -8 13 -4 -6 -5
19 -20 19 -6 -1 7
15 -5 2 -11 -19 13
13 -12 7 -12 -10 -14
17 -11 18 -12 -17 -3
19 -20 19 -20 -20 20
16 -19 4 -7 -10 -17
17 -17 20 -16 -20 17
7 -17 4 -15 -7 -9
7 -14 4 -9 -12 6
16 -13 7 -15 -13 16
0 -14 20 -2 -11 18
7 -9 18 -7 -11 8
6 -5 6 -3 -8 -6
2 -5 20 0 -14 20
10 -8 2 -4 -10 -20
12 -12 19 -10 -18 11
11 -14 6 -17 -4 13
3 -9 19 -16 -19 20
8 -12 14 -5 -12 18
14 0 13 -6 -4 1
19 -3 14 -4 -7 20
0 -17 4 -7 -7 11
13 -3 12 -3 -7 0
8 -18 8 -16 -13 5
10 -1 9 0 -9 7
13 -18 19 -7 -15 -8
9 -20 20 -15 -20 -17
17 -15 7 -17 -13 5
9 -7 2 -10 -15 -6
1 -1 1 -19 -10 -1
9 -13 7 -7 -7 6
10 -15 8 -5 -8 -5
7 -2 17 -6 -1 -14
17 -17 0 -18 -1 0
17 -4 18 -20 -6 15
0 -14 1 -14 -6 4
20 -4 9 -10 -10 9
12 -2 7 -4 -8 -8
6 -4 4 -20 -5 13
20 0 17 -6 -10 -10
3 -15 9 -13 -19 2
13 -18 10 -18 -3 2
10 -2 10 -8 -2 1
18 -4 6 -18 -1 -17
2 -10 18 -5 -5 0
5 -13 15 -20 -15 -12
1 -6 2 -3 -15 -9
20 -13 12 -11 0 -1
0 -3 13 -20 -17 0
7 -5 8 -8 -14 17
0 -3 17 -17 -10 19
15 -17 18 -12 -6 -4
16 -7 16 -17 -18 -3
16 -1 13 -19 -12 -17
19 -9 17 -20 -1 -2
5 -13 1 -5 -3 12
15 -20 18 0 -6 -15
6 -6 7 -11 -18 12
8 -8 14 -18 -6 11
2 -2 6 -20 -20 20
0 -5 4 0 -12 -10
5 -20 11 -11 -4 4
12 -12 15 -8 -19 -7
20 -11 13 -17 -4 -16
17 0 3 0 -3 2
8 0 1 -18 -3 -1
13 0 4 -18 -9 14
12 -6 6 -12 -7 15
7 -14 6 -2 -1 -12
10 -14 19 -15 -18 -19
9 -20 15 -11 -11 -11
6 -6 13 -10 -7 -5
4 -17 2 -13 -2 15
14 0 19 -9 0 -17
12 -2 1 -3 -8 18
8 -2 4 -3 -15 -14
4 -8 8 -5 -15 8
11 0 15 -10 -11 15
20 -4 12 -13 -17 -13
7 -4 20 -17 -17 -9
10 -16 3 -10 -14 -12
12 -20 1 -4 -8 -1
9 -7 3 -8 -10 16
15 -20 10 -5 -19 -13
13 -19 8 -10 -11 -1
20 -1 2 -17 -13 -1
20 -20 4 -14 -8 -13
6 -4 13 -15 -6 -18
1 -16 11 -7 -15 -2
1 -7 9 -13 -3 -6
14 -10 13 -5 -10 -1
0 -18 0 -2 -17 -2
14 -19 17 -20 -1 -15
10 -5 8 -13 -18 5
20 -11 10 -2 -16 0
1 -20 16 -20 -10 12
12 -1 20 -9 0 6
7 -17 8 -15 -16 -16
12 -6 5 -19 -19 18
16 -3 8 -16 -18 -4
5 -13 8 -17 -14 -20
6 -8 18 -11 -6 -7
17 -1 12 -2 -6 8
17 -3 18 -13 0 17
4 -9 5 -8 -20 19
7 -6 2 -3 -19 -18
14 -4 6 0 -16 7
11 -10 7 -17 -7 -4
14 -3 17 -18 -18 20
7 -15 20 -10 -7 19
13 -2 17 -3 -19 11
10 -16 16 -20 -7 -6
5 -17 18 -15 -11 -14
13 -19 2 -14 -12 -1
20 -1 12 -20 -3 0
13 -11 18 -16 -20 -7
6 -7 13 -10 -16 2
7 -3 11 -19 -14 13
16 -3 9 -12 -2 -17
8 -6 19 -2 -13 6
5 -6 3 -11 -9 -4
12 -18 9 -9 -4 14
1 -18 7 -7 -14 16
18 -9 2 -1 -9 -20
20 0 14 -19 -14 -6
17 0 8 -4 -19 10
3 -10 1 -14 -4 -5
18 -11 20 -7 -17 -9
8 -4 0 -18 -5 -17
18 -20 8 -17 -6 -2
12 -19 0 -20 -16 3
11 -12 9 -18 -20 0
7 -20 14 -17 -15 -17
16 -7 4 -17 0 -3
5 -4 17 0 -13 15
18 -1 11 -7 -19 2
3 -13 16 -4 -1 -18
12 -2 16 -6 -14 10
7 -16 0 -20 -18 -8
16 -8 17 -11 -5 16
6 -18 6 -17 -7 -14
13 -17 20 -16 -9 -1
0 -19 10 -4 -13 9
17 -3 4 -3 -19 -18
3 -16 6 -6 -20 -2
11 -10 5 -15 -1 6
9 -2 9 0 -5 5
11 -5 6 -17 -19 5
2 -12 0 -20 -5 0
6 -14 18 -19 -20 19
11 0 8 -5 -7 -2
2 -18 3 -10 -5 10
20 -20 3 0 -20 -18
13 -5 12 -7 -2 -9
6 -18 13 -10 -19 20
10 -13 7 -3 -15 -20
16 -15 14 -2 -16 17
19 -12 16 -15 -18 -8
7 -9 8 -5 -1 1
15 -3 14 -7 -1 13
16 -13 1 -18 -11 -16
5 -15 6 -18 -18 -20
10 -16 3 -19 -7 -15
9 -20 17 -5 -8 -13
1 -18 13 -4 -12 6
19 -13 7 -14 -19 -15
2 -1 0 -9 -9 9
2 -20 8 -2 -19 4
18 -6 16 -8 -7 5
17 -6 2 -15 -4 12
8 -1 11 -11 0 18
15 -6 3 -7 -2 16
5 -3 10 -1 -15 -20
12 -9 1 -11 -4 13
10 0 0 -1 -12 -9
5 -7 18 -17 -19 17
7 -17 0 -10 -13 15
4 -16 14 -7 0 20
20 -5 18 -14 -16 -13
11 -14 9 -4 0 -20
7 -14 20 -4 -1 -11
4 -19 15 -1 -4 2
1 -6 19 -20 -9 11
11 -3 3 -20 -7 8
10 -10 20 -13 -11 -13
1 -14 12 -6 -16 -14
7 -15 3 0 -19 13
17 0 3 -8 -16 9
12 -3 5 -7 -5 8
0 -14 0 -9 -12 -5
1 0 13 -4 -19 10
15 0 8 -20 -16 14
18 -12 14 -9 -18 6
13 -16 19 0 -6 20
8 -10 9 -16 -12 20
16 -16 17 -10 0 -9
16 0 19 -16 0 9
9 -11 19 -9 -8 -8
12 -4 6 -11 -13 16
0 -12 10 -18 -3 19
17 -8 20 -15 -4 -13
1 -9 17 -2 -2 -1
15 -9 19 -16 -19 -9
4 -19 16 -8 -7 5
14 -14 17 -5 0 12
3 -14 2 -4 -15 17
1 -13 8 -2 -17 3
9 -11 11 -10 0 -3
9 -5 7 -13 -18 11
5 -7 5 -1 -17 2
7 -5 15 -8 -4 3
18 -8 11 -6 -4 -10
10 -7 7 -7 -5 20
20 -9 13 -12 -16 11
18 -10 5 -12 -18 13
20 -12 7 -7 -8 -18
2 -9 4 -6 -8 2
8 -15 5 -1 -9 -17
19 -16 15 -11 -17 -16
13 -15 12 -20 -11 -2
17 0 17 -17 -12 -17
15 0 14 -17 -8 20
9 -8 17 -12 -12 -18
17 -8 15 -7 -9 -13
12 -7 4 -5 -3 0
2 -12 1 -14 -5 -20
2 -19 1 0 -16 0
9 -11 12 -20 -6 -20
9 -2 4 -13 -11 19
15 -2 12 -5 -13 14
13 -14 8 -1 -20 5
5 -18 16 -3 -4 -14
12 -1 2 -2 -4 13
18 -10 14 -14 -1 -6
9 -16 19 0 -2 -6
6 -3 5 -19 -18 20
3 -13 18 -11 -6 -8
15 -12 16 -7 -12 -1
12 -13 6 -4 -19 13
6 -10 17 -10 -6 -13
5 -17 20 -7 -20 -17
0 -18 2 -10 -12 20
16 -18 14 -15 -2 7
1 -15 11 -7 -14 17
10 -11 8 -13 -11 1
0 -2 20 -2 -19 -15
10 -19 16 -19 -19 19
12 -3 18 -5 -19 18
5 -15 18 -17 -18 -18
16 -11 9 -2 -3 -11
19 -13 3 -17 -3 10
15 -5 20 -10 -1 -4
2 -9 3 -11 -1 2
6 -15 12 -3 -17 18
20 -4 13 -14 -17 12
12 -2 19 -19 -20 3
12 -17 18 -19 -10 -20
20 -11 19 -11 -16 16
13 -16 16 0 -4 -12
18 -2 0 -1 -9 15
1 -2 2 -6 -16 -14
8 -4 17 -17 -19 10
15 -11 17 -14 -1 4
5 -6 3 -16 -16 17
0 -8 15 0 -12 13
6 -17 5 -13 -2 19
0 -17 2 -20 -10 -9
0 -4 4 -18 -3 -4
20 -15 0 -17 -2 2
3 -12 1 -14 -16 -16
13 -4 10 -11 0 12
19 -16 20 -14 -4 -2
3 -12 16 -7 -18 -19
13 -13 1 -12 -17 -2
10 -5 17 -5 -3 15
4 -6 14 -14 -3 -7
12 -18 13 -14 -15 3
12 -3 12 -13 -7 -7
4 -9 7 0 -5 -14
12 -6 4 -17 -2 -5
1 -14 14 -9 -7 19
19 -7 4 -20 -2 1
8 -7 8 -1 -13 -15
17 -2 3 -2 -6 6
10 -3 5 0 -6 -12
8 -4 0 -15 -20 -19
8 -15 2 -14 -3 15
6 -17 5 -8 -14 0
15 -15 14 -10 -16 7
12 -14 14 -8 -17 20
18 -14 11 -11 -7 -20
4 -18 3 -10 -18 -20
20 -11 20 -19 -13 11
15 -18 4 -16 -4 14
16 -16 17 -6 -7 18
3 -20 13 -20 -11 3
4 -7 4 -10 -8 0
13 -20 5 -7 -6 -20
19 -16 19 -18 -14 -4
4 -4 18 -19 -5 -10
4 -14 17 -4 -16 -15
2 -19 9 -16 -7 -20
18 -16 6 -16 -1 17
5 -14 12 -7 -14 -2
1 -12 13 -5 -20 -18
9 -16 15 -2 -12 10
12 -15 7 -4 -8 13
19 -17 12 -4 0 20
4 -10 20 -14 -3 3
6 -7 12 -3 -7 -15
18 -3 10 -18 -18 -11
10 -11 0 -11 -17 0
1 -18 16 -15 -20 -13
8 -5 8 -15 -16 3
1 -18 0 -16 -9 7
15 -3 11 -15 -15 -13
10 -18 14 -10 -7 9
8 0 3 -12 -19 18
13 -19 8 0 -19 -19
10 -20 2 -9 -6 -8
20 -8 9 -6 -6 10
0 -4 11 -1 -2 -11
13 -16 4 -6 -9 -15
17 -8 7 -4 -13 -17
4 -17 19 -7 -16 0
11 -3 7 -15 -7 -2
1 -17 19 -10 -5 17
0 -2 3 -9 -6 8
8 -12 6 -10 -13 -11
14 -20 13 -8 -2 3
1 -10 8 -2 -16 -16
13 -19 5 -14 -16 -2
11 -12 10 -12 -20 18
10 -20 3 -2 -4 15
7 -8 5 -13 -19 6
3 -20 14 -3 -6 10
0 0 2 -10 -12 19
7 -18 18 -2 -1 -10
11 -14 5 -19 -5 2
11 -17 13 -19 -17 1
2 -9 2 -5 -3 9
1 -5 19 -20 -16 2
2 -11 7 -19 -12 -15
9 -17 8 -2 -12 -5
9 -3 9 -11 -2 -15
9 -20 11 -3 -18 -4
14 -20 0 -1 -7 11
19 -17 14 -16 -3 3
5 -18 19 -5 -11 9
8 -20 6 -10 -12 13
18 -9 8 -9 -9 7
12 -10 7 -16 -5 -1
11 -12 8 -7 -8 -5
11 -5 1 -15 -11 -5
0 -19 20 -19 -19 10
9 -17 17 -5 -15 -11
15 -13 5 -15 -18 -2
11 -17 9 -12 -10 -4
4 -6 10 -14 -16 6
12 -4 16 -15 -19 18
1 -4 15 -3 -15 15
18 -8 2 -11 -14 -17
12 -10 12 -9 -4 12
15 0 3 -13 -4 2
8 -19 19 -1 -19 1
8 -6 13 -15 -18 2
10 -17 11 -14 -18 8
15 -8 14 -2 -7 6
16 -15 7 -13 -3 5
2 -10 17 -17 -17 16
15 0 20 -17 -14 -13
14 -8 13 -6 -7 -19
15 -16 20 -14 -4 5
3 -10 11 -9 -20 5
12 -5 5 -4 -15 5
1 -19 3 -17 -8 15
8 -3 11 -17 0 4
13 -11 9 -4 -3 -6
19 -11 7 -16 -7 18
8 -12 15 -2 -3 20
14 -5 2 -6 -4 15
20 -12 13 -12 -17 -1
1 -18 6 -4 -3 7
7 -20 0 -9 -2 -7
8 -8 20 -14 -7 4
3 -12 0 -6 -7 4
6 -20 2 -3 -19 -13
8 -11 9 -10 -11 19
4 0 1 -6 -9 8
9 -10 15 -8 -18 7
4 -20 12 -4 -16 7
0 0 10 -10 -15 -8
20 -3 3 -19 -9 -8
6 -2 4 -17 -3 18
1 -20 14 -14 -10 11
20 -8 15 -12 -8 10
14 -4 5 -18 -15 1
16 -2 15 -17 -1 5
14 -15 4 -11 -12 14
4 -15 5 -17 -7 -3
11 -17 10 -18 -4 -5
20 -19 15 -6 -17 -19
20 -15 0 -9 -12 10
0 -9 3 -3 -13 3
4 -9 2 -11 0 -2
15 -12 3 -2 -8 -19
13 -7 0 -6 -1 6
9 -6 4 -3 0 -9
8 -14 19 -16 -20 1
7 -8 20 -13 -2 3
20 -1 5 -6 -8 0
2 0 16 -15 -7 -3
1 -7 3 -15 -19 4
9 -8 16 -8 -7 18
17 -13 6 -20 -14 1
3 -12 5 -15 -16 11
1 -8 11 0 -7 7
17 -19 3 -18 -4 15
15 -13 2 -19 -11 18
5 -15 7 -5 -4 15
13 -19 12 -4 -5 16
18 -2 10 -11 -14 -14
15 -14 3 -8 -4 19
3 -16 17 -17 -4 -9
15 -7 12 -10 -15 0
11 -5 18 -10 -17 0
4 -3 4 -4 -15 -1
18 -15 1 -10 -16 17
12 -5 12 0 -18 19
4 -13 13 -20 -20 12
6 -10 7 -11 -1 2
10 -4 6 -15 -1 18
20 -1 14 -16 -11 -16
10 -9 3 -6 -8 17
2 -18 14 -7 -16 -11
13 -19 17 -14 -11 3
5 -18 8 -18 -17 16
17 -10 9 -20 -15 9
18 -17 2 -1 -18 15
20 -4 19 -8 -8 -2
15 -18 0 -14 -4 -20
4 -3 13 -9 -14 1
11 -11 3 -8 -20 -15
16 -9 18 -9 -5 10
14 0 6 -8 -3 11
1 -2 0 -17 -5 -3
7 -18 18 -10 -5 4
0 -9 16 -4 -17 20
10 -4 7 -16 -11 -9
9 -19 12 -20 -14 -2
11 -19 8 0 -19 -17
19 -19 12 -7 -20 5
6 -14 18 -1 -4 18
14 -12 14 -11 -6 -11
2 0 19 -19 0 -6
7 -5 12 -7 -5 -17
2 -3 13 -14 -15 20
18 -8 4 -15 -17 -12
12 -4 10 -16 -5 -1
3 -9 9 -20 -4 11
1 -20 2 -9 -14 11
3 -3 3 -16 -1 5
14 -6 4 -10 -10 18
3 -4 8 -19 -20 4
10 -7 18 -10 -8 -7
14 -16 8 0 -11 16
13 -8 2 -15 -5 -16
3 -17 15 -5 -11 -19
5 -6 14 -17 -18 -6
16 -11 1 0 -8 -12
9 -12 4 -5 -10 19
20 -5 8 -5 -3 -13
17 -14 13 -9 -3 20
11 -17 13 -3 -19 -14
18 0 19 -9 -17 9
20 -3 18 -9 -10 18
7 0 0 -2 -7 11
17 -17 19 -3 -4 20
20 -2 14 -12 -17 6
18 -4 7 0 -13 6
4 -14 14 -19 -2 -6
5 -20 6 -17 -10 0
11 -10 19 -11 -18 -17
17 0 15 -6 -1 -8
20 -12 8 -7 -4 4
13 -19 11 -18 -7 5
1 -4 17 -8 -2 16
11 -12 18 -2 -4 -3
18 -9 19 -3 -11 2
1 -18 10 -17 -7 -8
7 -2 15 -20 -16 -6
2 -20 8 -20 -10 -17
10 -1 4 -18 -2 14
0 0 13 -18 -14 15
16 -10 20 -19 -4 1
15 -2 14 -8 -17 -7
14 -4 11 -9 -12 -13
16 -3 20 -12 -11 4
2 -14 15 -19 -18 -8
0 -10 16 0 -12 13
17 -2 10 -11 -8 20
12 -8 16 -5 -6 -19
14 -16 14 -18 -16 -2
11 -6 16 -12 -17 -15
18 -3 16 -9 -4 -3
11 -19 4 -1 -11 18
18 -13 10 -20 -1 -13
16 -5 15 -5 -12 -3
15 -2 10 -12 -1 0
16 -12 10 -8 -4 -6
17 -12 17 -4 -20 0
7 -15 8 -15 -18 16
8 -4 13 -20 -12 12
19 -1 16 -10 -2 -13
6 -14 5 -9 -5 -13
12 -16 7 -13 -4 14
9 -2 16 -16 -19 14
11 -4 15 -4 -11 -10
2 -11 12 -9 -10 9
3 -18 0 -6 -20 8
11 -2 5 -4 -14 -2
12 -5 12 -7 -4 -7
2 0 14 -19 -5 -16
3 -3 11 -6 -9 -20
9 -7 5 -5 -18 -19
9 -6 15 -13 -5 20
10 -4 6 -3 -20 9
2 -17 5 -1 -10 -9
1 -17 7 -20 -20 -20
19 0 18 -12 -20 14
14 -16 3 -19 -1 -11
20 -14 17 -14 -8 -15
9 -12 5 -18 -8 -8
20 -6 13 -17 -11 15
6 -13 7 -20 -8 9
18 -10 17 -16 -3 9
9 -9 12 -11 -16 5
7 -2 14 -6 -18 -5
12 -14 10 -16 -8 -1
2 -17 4 0 -2 2
8 -2 15 -7 -2 -6
12 -1 14 -7 -14 18
9 -16 15 -2 -9 20
19 -2 10 -6 -16 -8
2 -12 2 -20 -1 13
5 -1 15 -4 -19 -20
12 -14 15 -10 -11 4
1 -10 13 -14 -2 6
2 -1 16 0 -8 15
12 0 5 -13 -18 3
11 -20 9 -12 -20 -6
16 -16 13 -20 -2 -19
0 -16 19 -18 -13 15
20 -1 8 -1 -3 9
15 -19 8 -13 -19 5
3 -9 3 -5 -20 -8
16 -7 17 -7 -1 4
0 -11 10 -16 -10 -15
2 -6 5 -20 -6 -4
1 -2 1 -20 -15 -3
20 -5 4 -4 -7 12
16 -15 7 -14 -10 -20
10 -8 20 -12 -2 17
6 -5 6 -12 -11 -16
2 -6 15 -20 -20 -6
9 -4 13 -10 -14 -8
4 -5 20 -1 -2 -2
5 -12 17 -7 -19 13
8 0 13 -9 -8 10
11 -18 16 -11 -3 -20
8 -1 13 -15 -9 -12
16 0 9 0 -9 -11
11 -8 20 -6 -10 7
16 -5 2 0 -12 13
19 -18 16 -5 -3 11
8 -4 1 -7 0 6
16 -13 15 -14 -9 6
15 -12 15 -3 0 -8
3 -6 0 -9 -2 5
12 -11 14 -15 -18 11
14 -17 14 -19 -7 -14
3 -3 13 -7 -20 -11
12 -2 10 -12 -11 -20
17 -16 10 -2 -13 1
12 -5 13 -19 -4 -1
7 -3 3 -1 -7 5
10 -6 10 -13 -3 -7
13 -19 8 -12 -4 0
6 -1 16 -18 -3 0
6 -15 8 -3 -11 -16
10 -7 19 -4 -9 9
7 -5 8 -6 -2 18
7 -18 2 -12 -10 -15
9 -9 7 -17 -20 -18
19 -12 4 -4 0 -13
2 -2 0 0 -5 14
18 -1 19 -14 -5 10
8 -6 11 -3 -10 7
17 -8 9 -13 -19 -20
5 -12 20 -10 -18 15
6 -19 0 -8 -20 2
13 -14 17 -4 -3 -14
11 -8 6 -3 -7 -20
0 -14 5 -18 -10 -2
15 -20 3 -7 -4 -9
4 -16 10 -7 -15 -3
14 -9 8 -1 -4 -4
7 -15 15 -10 -6 18
20 -19 4 -11 -4 -7
6 -17 10 -7 -2 -5
2 -9 20 -10 -3 -6
18 -18 10 -11 -9 -4
5 -12 17 -10 -17 4
20 0 0 -20 -7 15
15 -5 20 -3 -18 -10
12 -6 16 -9 -17 15
18 -9 0 -19 -5 1
8 -15 2 -2 -4 -1
15 -5 5 -7 -15 -11
11 -10 1 -7 -16 -1
5 -11 18 -1 -13 17
0 -4 17 0 -10 -4
10 -1 13 -10 -15 15
12 -19 7 -6 -15 13
6 -11 5 -5 -7 8
2 -2 5 -9 -12 7
6 -1 15 -8 -11 6
19 0 9 -13 -20 -2
12 -20 18 -2 -12 4
2 -15 17 -16 -7 -4
4 0 9 -7 -9 11
11 -16 2 -6 -18 15
13 -18 18 -2 -16 5
2 -10 16 -6 -1 -7
5 -19 20 -6 -19 -14
8 -17 2 -1 -17 0
19 -19 0 -3 -18 7
4 -16 8 -18 -8 12
5 -9 20 -8 -13 18
6 -5 17 -11 -13 13
13 -14 15 0 -16 -4
15 -19 17 -15 -1 -10
2 -3 5 -19 -18 -13
8 -10 12 -1 -15 -18
8 -9 15 -19 -3 -8
3 -2 13 -14 -3 -1
8 -16 17 -18 -15 20
5 -7 3 0 -13 -13
14 -19 0 -19 -12 7
0 -12 4 -1 -16 -8
9 -12 9 0 0 19
20 -18 5 -10 -3 -4
18 -6 9 -17 -15 0
19 -14 10 -17 0 -15
3 -10 0 -15 -4 -3
16 0 10 -3 -10 18
11 -3 20 -18 -1 -15
0 -1 4 -16 -8 11
9 -5 17 0 -2 -14
0 -8 6 -13 -13 -2
11 -15 13 -12 -8 3
11 -8 9 -18 -1 8
15 -4 11 -2 -18 -9
5 -1 20 -1 -7 16
9 -1 4 -12 -3 20
16 -12 11 -8 -16 -18
15 -13 3 -9 -11 17
8 0 20 -8 -18 -6
12 -5 10 -8 -7 -10
16 -15 5 -3 -3 20
18 -6 4 -20 -5 -20
9 -10 0 -14 -14 -15
20 -5 15 -18 -8 19
18 -2 16 -9 -10 0
4 -16 18 -12 -16 8
12 -10 5 -10 0 -14
12 0 14 -6 -18 11
2 -8 4 -19 -10 19
3 -12 16 -20 -15 -7
20 -6 7 -7 -1 1
13 -15 9 -11 -3 16
4 -16 0 -12 -15 15
5 -7 17 -4 -13 3
13 -3 4 -13 -15 9
8 -19 7 -11 -17 17
6 -1 19 -7 -3 0
0 -9 18 -17 -14 5
13 -15 14 -7 -20 -14
5 -10 0 -1 -20 -5
18 -20 6 -2 -8 -7
12 -12 17 -5 -14 -5
19 -5 7 0 -18 3
9 -7 9 -20 -3 -2
8 -13 13 -18 -16 15
3 -3 1 -13 -13 -9
19 -7 14 -9 -5 7
4 -8 5 -2 -16 -17
1 -3 0 -18 -5 12
19 -15 15 -8 -20 -15
19 0 1 -9 -17 -9
13 -20 17 -3 -2 -11
6 -4 15 -19 -4 -13
5 -1 9 -15 -14 -15
14 -20 4 -1 -3 4
14 -6 10 -11 -10 -13
19 -15 7 -12 -4 -10
14 -18 0 -19 0 13
18 -8 19 -4 -1 7
1 -4 10 -8 -19 -13
2 -12 1 -5 -19 9
20 -1 3 -13 -9 17
5 -9 8 -10 -3 -12
1 -8 7 -20 0 2
14 -14 4 -16 -13 6
18 -10 0 -11 -11 -2
5 -17 16 -17 -17 -12
19 -2 9 -6 -3 4
6 -6 17 -17 -12 15
3 -2 4 -20 -16 -4
13 -2 16 -13 -13 13
13 -13 11 -12 -6 6
1 -2 11 -4 -16 -10
15 -9 13 -20 -10 -20
9 -20 14 -11 -4 -19
12 -19 20 -1 -3 -19
17 -20 1 -4 -1 -19
1 -16 9 -5 -9 -10
8 -14 7 -19 -5 -15
8 -5 17 -8 -9 -17
14 -17 12 -1 -9 -4
12 -1 15 -10 -19 -9
6 -11 13 -17 -2 -2
1 -7 16 -16 -13 -10
4 -5 17 -2 -13 -17
