14 -19 17 -1 -11 -9
1 -4 6 -19 -20 -1
17 -12 11 -7 -8 -1
13 -13 0 -20 -14 -17
9 -13 7 -4 -4 -11
17 -12 5 0 -2 10
19 -19 20 -1 -17 -8
1 0 5 -16 -2 13
7 -10 5 -14 -10 16
5 -17 0 -17 -8 13
9 -19 10 -4 -20 -9
9 0 2 -19 -19 -14
18 -5 3 -5 -4 20
8 -13 10 -3 -9 17
18 -16 3 -17 -11 -18
3 -15 14 -13 0 -17
11 -4 8 0 -15 -1
13 -13 6 -1 -18 -4
8 -2 11 -8 -3 -8
7 -8 8 -18 -15 -7
5 -18 1 -18 -3 -14
12 -4 18 -18 -16 15
19 -17 4 -4 0 -20
8 -13 2 0 -4 14
6 -10 19 -5 0 6
5 -17 13 -15 -4 -13
3 -5 18 -11 -3 -1
3 -4 9 -5 -9 -6
0 -19 15 -4 -16 -14
19 -6 11 -11 -13 -17
2 -10 8 -4 -12 16
12 -14 14 -3 -10 -20
11 -6 6 -15 -12 -4
18 -15 1 -11 -4 16
5 -4 12 -4 -5 -14
0 -11 13 -6 -14 19
12 -12 0 -8 -17 -13
6 -15 0 -13 -18 -3
15 -8 1 -10 -11 9
15 -7 7 -8 -19 0
19 -9 2 -12 -5 10
13 -1 11 -16 -5 0
1 -19 7 -9 -14 9
3 -20 5 -14 -8 18
14 -10 19 -7 -15 8
11 -5 17 -9 -8 12
6 -12 18 -12 -13 15
0 -9 19 -9 -2 -17
2 -14 7 -10 -20 15
19 -13 20 -17 -2 -5
7 -14 19 -7 -11 5
16 -1 1 -15 -17 11
17 -11 4 0 -20 9
14 -16 4 -10 -6 10
18 -1 11 0 -19 14
19 -6 2 -16 -3 13
10 -10 11 -15 -9 -4
18 -4 16 -16 -12 -18
20 -12 18 -1 -3 -2
1 -11 12 -15 -20 -12
17 -11 3 -11 -12 -18
20 -19 20 -19 -15 0
13 -16 16 -2 -20 0
11 -18 11 -9 -11 -1
20 -11 15 -8 -12 -11
19 -7 2 -15 -13 12
12 -12 3 -3 -17 -19
9 -6 13 -19 -2 9
13 -19 11 -11 0 1
18 -1 2 -2 0 -10
3 -6 2 -8 -7 0
1 -8 6 -17 -17 7
10 -10 6 -18 -12 -6
17 -4 9 -12 -20 -17
12 -1 11 -4 -18 -12
4 -10 15 -4 -6 5
13 -18 15 -13 -20 17
13 -16 5 0 -2 10
7 -8 14 -8 -17 -8
19 -19 19 -1 -17 -17
13 -16 2 -13 -12 -7
2 -11 7 -17 -1 4
16 -2 4 -11 -5 -18
1 -16 11 -10 -7 16
16 -11 16 -3 -17 15
11 0 8 -9 0 -7
20 -5 10 -19 -14 12
15 -7 13 -19 -3 -20
14 -10 11 -11 -5 -4
11 -2 12 -17 0 3
10 -10 15 -19 -8 -9
12 -2 4 -11 -9 5
12 -14 12 -6 -16 -11
9 -9 11 -11 -8 -1
13 -18 18 -1 -9 0
16 -3 7 -15 -11 -6
16 -8 1 -5 -16 17
0 -2 3 -18 -15 0
